version https://git-lfs.github.com/spec/v1
oid sha256:ed7fbf86010cbcfb4fa2af01d023a77f67f91172ab38f603f949bd9dd59172f6
size 68620
